# i j 840 1140
2	4	1.191e+02	6.732e+02
2	5	1.384e+02	3.232e+02
3	5	0.000e+00	2.381e+02
4	6	0.000e+00	4.711e+01
4	7	5.143e+01	1.556e+02
5	7	0.000e+00	1.580e+02
4	8	6.186e+01	1.731e+02
5	8	4.977e+01	1.899e+02
4	9	8.517e+01	2.124e+02
5	9	9.322e+01	2.477e+02
4	10	9.469e+01	2.315e+02
5	10	1.087e+02	2.620e+02
2	12	9.365e+01	2.216e+02
3	12	9.220e+01	2.329e+02
6	12	9.289e+01	2.257e+02
7	12	9.016e+01	2.190e+02
8	12	9.246e+01	2.261e+02
9	12	9.175e+01	2.305e+02
10	12	1.301e+01	2.359e+02
2	13	8.623e+01	2.168e+02
3	13	8.984e+01	2.294e+02
6	13	8.633e+01	2.154e+02
7	13	8.194e+01	2.117e+02
8	13	8.615e+01	2.141e+02
9	13	8.968e+01	2.190e+02
10	13	6.691e+01	2.099e+02
2	14	8.524e+01	2.182e+02
3	14	8.993e+01	2.339e+02
6	14	8.060e+01	2.089e+02
7	14	7.762e+01	2.056e+02
8	14	8.494e+01	2.078e+02
9	14	8.824e+01	2.172e+02
10	14	7.595e+01	2.195e+02
4	15	9.048e+01	2.285e+02
5	15	9.152e+01	2.287e+02
12	15	5.133e+02	9.369e+02
13	15	7.887e+02	1.197e+03
4	17	1.071e+02	2.506e+02
5	17	1.016e+02	2.440e+02
12	17	8.942e+01	2.280e+02
13	17	7.574e+01	2.226e+02
14	17	6.756e+01	2.124e+02
2	18	9.750e+01	2.348e+02
3	18	1.022e+02	2.493e+02
6	18	8.981e+01	2.243e+02
7	18	8.699e+01	2.186e+02
8	18	8.616e+01	2.184e+02
9	18	9.667e+01	2.225e+02
10	18	9.607e+01	2.340e+02
15	18	5.151e+01	2.243e+02
4	21	8.799e+01	2.284e+02
5	21	9.562e+01	2.374e+02
12	21	7.651e+01	2.071e+02
13	21	7.488e+01	1.974e+02
14	21	6.904e+01	1.956e+02
18	21	1.627e+01	9.707e+01
4	22	8.830e+01	2.255e+02
5	22	9.227e+01	2.359e+02
12	22	7.797e+01	2.018e+02
13	22	7.353e+01	1.967e+02
14	22	7.107e+01	1.932e+02
18	22	3.546e+01	1.213e+02
4	23	9.835e+01	2.488e+02
5	23	9.450e+01	2.358e+02
12	23	8.340e+01	2.142e+02
13	23	8.036e+01	2.070e+02
14	23	7.651e+01	2.069e+02
18	23	9.725e+01	2.299e+02
2	24	9.446e+01	2.298e+02
3	24	9.532e+01	2.398e+02
6	24	8.420e+01	2.092e+02
7	24	8.510e+01	2.081e+02
8	24	8.748e+01	2.100e+02
9	24	8.715e+01	2.158e+02
10	24	8.879e+01	2.173e+02
15	24	7.590e+01	2.034e+02
17	24	9.177e+01	2.226e+02
21	24	0.000e+00	3.700e+01
22	24	0.000e+00	0.000e+00
4	25	9.348e+01	2.300e+02
5	25	9.551e+01	2.346e+02
12	25	8.376e+01	2.147e+02
13	25	8.131e+01	2.095e+02
14	25	7.498e+01	2.035e+02
18	25	8.883e+01	2.180e+02
4	26	9.675e+01	2.335e+02
5	26	9.746e+01	2.352e+02
12	26	8.558e+01	2.090e+02
13	26	8.193e+01	2.061e+02
14	26	7.921e+01	2.027e+02
18	26	9.368e+01	2.273e+02
24	26	0.000e+00	0.000e+00
4	27	1.016e+02	2.347e+02
5	27	1.048e+02	2.468e+02
12	27	8.421e+01	2.143e+02
13	27	8.663e+01	2.093e+02
14	27	8.415e+01	2.105e+02
18	27	9.735e+01	2.251e+02
24	27	4.601e+01	1.370e+02
4	29	8.741e+01	2.132e+02
5	29	9.524e+01	2.294e+02
12	29	8.190e+01	2.040e+02
13	29	7.662e+01	2.013e+02
14	29	7.700e+01	1.994e+02
18	29	8.914e+01	2.102e+02
24	29	8.301e+01	1.986e+02
4	32	8.290e+01	2.068e+02
5	32	8.920e+01	2.193e+02
12	32	8.054e+01	1.965e+02
13	32	7.561e+01	2.002e+02
14	32	7.724e+01	1.964e+02
18	32	8.429e+01	2.078e+02
24	32	8.687e+01	2.093e+02
2	33	8.544e+01	2.081e+02
3	33	8.926e+01	2.163e+02
6	33	8.911e+01	2.131e+02
7	33	8.410e+01	2.054e+02
8	33	8.485e+01	2.111e+02
9	33	8.619e+01	2.161e+02
10	33	9.215e+01	2.246e+02
15	33	8.149e+01	1.969e+02
17	33	9.282e+01	2.169e+02
21	33	7.804e+01	1.980e+02
22	33	8.333e+01	1.973e+02
23	33	8.895e+01	2.161e+02
25	33	8.435e+01	1.906e+02
26	33	7.769e+01	1.892e+02
27	33	8.442e+01	1.874e+02
29	33	7.332e+01	1.667e+02
2	34	9.174e+01	2.179e+02
3	34	9.220e+01	2.235e+02
6	34	8.557e+01	2.083e+02
7	34	8.861e+01	2.084e+02
8	34	8.981e+01	2.096e+02
9	34	9.127e+01	2.172e+02
10	34	9.059e+01	2.207e+02
15	34	7.861e+01	1.968e+02
17	34	9.339e+01	2.169e+02
21	34	8.027e+01	1.973e+02
22	34	7.909e+01	1.964e+02
23	34	8.546e+01	2.110e+02
25	34	8.151e+01	1.928e+02
26	34	8.245e+01	1.946e+02
27	34	8.836e+01	1.946e+02
29	34	8.867e+01	1.972e+02
32	34	0.000e+00	3.160e+01
2	35	8.969e+01	2.110e+02
3	35	9.098e+01	2.241e+02
6	35	8.558e+01	2.085e+02
7	35	8.777e+01	2.117e+02
8	35	8.729e+01	2.054e+02
9	35	9.485e+01	2.166e+02
10	35	9.137e+01	2.191e+02
15	35	7.677e+01	1.957e+02
17	35	8.806e+01	2.101e+02
21	35	7.911e+01	1.972e+02
22	35	7.508e+01	1.926e+02
23	35	8.509e+01	2.123e+02
25	35	7.916e+01	1.868e+02
26	35	8.348e+01	1.943e+02
27	35	8.627e+01	2.004e+02
29	35	8.472e+01	1.883e+02
32	35	4.380e+01	1.269e+02
2	36	8.512e+01	2.036e+02
3	36	8.649e+01	2.181e+02
6	36	8.287e+01	2.035e+02
7	36	8.381e+01	2.050e+02
8	36	8.151e+01	2.034e+02
9	36	9.425e+01	2.101e+02
10	36	8.986e+01	2.156e+02
15	36	7.572e+01	1.926e+02
17	36	8.956e+01	2.063e+02
21	36	7.678e+01	1.909e+02
22	36	7.324e+01	1.916e+02
23	36	8.366e+01	2.052e+02
25	36	7.650e+01	1.886e+02
26	36	8.310e+01	1.921e+02
27	36	8.665e+01	1.992e+02
29	36	8.156e+01	1.861e+02
32	36	4.770e+01	1.287e+02
2	37	8.892e+01	2.143e+02
3	37	9.795e+01	2.328e+02
6	37	9.741e+01	2.167e+02
7	37	9.131e+01	2.182e+02
8	37	9.122e+01	2.122e+02
9	37	9.395e+01	2.149e+02
10	37	9.757e+01	2.219e+02
15	37	8.922e+01	2.020e+02
17	37	9.471e+01	2.150e+02
21	37	8.651e+01	2.047e+02
22	37	8.519e+01	2.022e+02
23	37	9.061e+01	2.175e+02
25	37	8.825e+01	1.982e+02
26	37	8.699e+01	1.953e+02
27	37	8.900e+01	2.008e+02
29	37	8.045e+01	1.905e+02
32	37	8.181e+01	1.868e+02
2	38	8.953e+01	2.089e+02
3	38	9.501e+01	2.244e+02
6	38	9.480e+01	2.151e+02
7	38	9.051e+01	2.129e+02
8	38	8.757e+01	2.098e+02
9	38	9.158e+01	2.140e+02
10	38	9.930e+01	2.222e+02
15	38	8.070e+01	1.971e+02
17	38	9.397e+01	2.160e+02
21	38	8.361e+01	1.991e+02
22	38	7.908e+01	1.948e+02
23	38	8.637e+01	2.100e+02
25	38	8.654e+01	1.963e+02
26	38	8.188e+01	1.904e+02
27	38	8.486e+01	2.000e+02
29	38	8.155e+01	1.865e+02
32	38	7.620e+01	1.749e+02
2	40	8.158e+01	1.992e+02
3	40	7.547e+01	1.912e+02
6	40	7.751e+01	1.941e+02
7	40	7.738e+01	1.862e+02
8	40	7.625e+01	1.863e+02
9	40	8.060e+01	1.956e+02
10	40	7.879e+01	1.922e+02
15	40	7.052e+01	1.797e+02
17	40	8.331e+01	2.014e+02
21	40	7.181e+01	1.786e+02
22	40	7.259e+01	1.799e+02
23	40	7.800e+01	1.963e+02
25	40	7.764e+01	1.830e+02
26	40	7.692e+01	1.820e+02
27	40	8.167e+01	1.852e+02
29	40	7.516e+01	1.700e+02
32	40	6.670e+01	1.602e+02
4	41	8.518e+01	2.016e+02
5	41	8.597e+01	2.017e+02
12	41	7.191e+01	1.827e+02
13	41	7.001e+01	1.827e+02
14	41	7.038e+01	1.770e+02
18	41	8.424e+01	1.993e+02
24	41	8.600e+01	1.979e+02
33	41	7.265e+01	1.630e+02
34	41	7.969e+01	1.794e+02
35	41	8.311e+01	1.889e+02
36	41	8.320e+01	1.830e+02
37	41	9.370e+01	2.082e+02
38	41	8.833e+01	2.316e+02
4	42	9.119e+01	2.196e+02
5	42	9.485e+01	2.226e+02
12	42	8.160e+01	2.014e+02
13	42	8.183e+01	1.980e+02
14	42	8.113e+01	1.985e+02
18	42	8.980e+01	2.141e+02
24	42	9.026e+01	2.088e+02
33	42	7.731e+01	1.822e+02
34	42	7.586e+01	1.760e+02
35	42	6.897e+01	1.723e+02
36	42	6.770e+01	1.661e+02
37	42	9.575e+01	2.103e+02
38	42	1.094e+02	2.293e+02
40	42	1.669e+01	2.482e+02
4	43	8.623e+01	2.107e+02
5	43	8.835e+01	2.089e+02
12	43	8.033e+01	1.959e+02
13	43	8.097e+01	1.957e+02
14	43	8.109e+01	1.983e+02
18	43	8.859e+01	2.110e+02
24	43	8.706e+01	1.973e+02
33	43	7.923e+01	1.812e+02
34	43	7.398e+01	1.796e+02
35	43	7.113e+01	1.696e+02
36	43	6.880e+01	1.648e+02
37	43	8.746e+01	1.961e+02
38	43	9.781e+01	2.113e+02
40	43	9.352e+01	2.249e+02
4	46	8.402e+01	2.089e+02
5	46	9.309e+01	2.174e+02
12	46	7.731e+01	1.904e+02
13	46	7.416e+01	1.871e+02
14	46	7.342e+01	1.857e+02
18	46	7.884e+01	1.973e+02
24	46	7.766e+01	1.985e+02
33	46	6.958e+01	1.681e+02
34	46	6.791e+01	1.609e+02
35	46	6.811e+01	1.627e+02
36	46	6.356e+01	1.568e+02
37	46	6.984e+01	1.609e+02
38	46	7.191e+01	1.656e+02
40	46	5.608e+01	1.360e+02
2	47	8.612e+01	2.056e+02
3	47	8.176e+01	2.026e+02
6	47	8.709e+01	2.000e+02
7	47	8.092e+01	1.984e+02
8	47	7.991e+01	1.949e+02
9	47	8.221e+01	1.938e+02
10	47	8.122e+01	2.008e+02
15	47	7.333e+01	1.879e+02
17	47	7.807e+01	1.944e+02
21	47	7.317e+01	1.840e+02
22	47	7.250e+01	1.821e+02
23	47	7.972e+01	1.984e+02
25	47	7.818e+01	1.876e+02
26	47	7.689e+01	1.796e+02
27	47	8.407e+01	1.895e+02
29	47	7.822e+01	1.773e+02
32	47	7.276e+01	1.679e+02
41	47	5.474e+01	1.297e+02
42	47	5.697e+01	1.396e+02
43	47	6.510e+01	1.485e+02
2	48	8.484e+01	1.966e+02
3	48	8.139e+01	2.025e+02
6	48	8.280e+01	1.931e+02
7	48	7.848e+01	1.947e+02
8	48	7.961e+01	1.955e+02
9	48	8.332e+01	1.970e+02
10	48	8.362e+01	2.002e+02
15	48	7.301e+01	1.880e+02
17	48	7.910e+01	1.913e+02
21	48	7.314e+01	1.857e+02
22	48	7.593e+01	1.833e+02
23	48	8.127e+01	2.020e+02
25	48	7.868e+01	1.814e+02
26	48	8.061e+01	1.795e+02
27	48	7.922e+01	1.860e+02
29	48	7.898e+01	1.838e+02
32	48	7.050e+01	1.685e+02
41	48	5.573e+01	1.345e+02
42	48	6.885e+01	1.539e+02
43	48	7.197e+01	1.635e+02
46	48	0.000e+00	1.229e+02
2	49	8.167e+01	1.957e+02
3	49	8.218e+01	1.974e+02
6	49	8.486e+01	1.965e+02
7	49	7.694e+01	1.921e+02
8	49	8.126e+01	1.897e+02
9	49	8.250e+01	1.947e+02
10	49	8.560e+01	1.981e+02
15	49	7.779e+01	1.839e+02
17	49	8.204e+01	1.940e+02
21	49	7.487e+01	1.815e+02
22	49	7.462e+01	1.814e+02
23	49	8.573e+01	1.992e+02
25	49	8.159e+01	1.837e+02
26	49	7.844e+01	1.801e+02
27	49	7.628e+01	1.810e+02
29	49	7.811e+01	1.713e+02
32	49	7.204e+01	1.655e+02
41	49	6.156e+01	1.422e+02
42	49	6.619e+01	1.559e+02
43	49	7.227e+01	1.593e+02
46	49	4.082e+01	1.590e+02
2	50	8.157e+01	1.922e+02
3	50	8.240e+01	1.979e+02
6	50	7.808e+01	1.857e+02
7	50	7.742e+01	1.860e+02
8	50	7.855e+01	1.845e+02
9	50	8.283e+01	1.887e+02
10	50	8.366e+01	1.955e+02
15	50	7.351e+01	1.780e+02
17	50	8.426e+01	1.930e+02
21	50	7.151e+01	1.749e+02
22	50	7.663e+01	1.787e+02
23	50	7.734e+01	1.952e+02
25	50	8.469e+01	1.858e+02
26	50	7.656e+01	1.752e+02
27	50	7.633e+01	1.837e+02
29	50	7.860e+01	1.750e+02
32	50	7.290e+01	1.648e+02
41	50	6.469e+01	1.439e+02
42	50	6.308e+01	1.486e+02
43	50	6.915e+01	1.582e+02
46	50	9.427e+01	1.894e+02
4	52	7.943e+01	2.023e+02
5	52	8.549e+01	1.985e+02
12	52	7.497e+01	1.842e+02
13	52	7.574e+01	1.805e+02
14	52	7.444e+01	1.813e+02
18	52	8.580e+01	1.907e+02
24	52	7.500e+01	1.863e+02
33	52	7.502e+01	1.710e+02
34	52	7.152e+01	1.641e+02
35	52	7.413e+01	1.678e+02
36	52	6.883e+01	1.653e+02
37	52	7.506e+01	1.667e+02
38	52	7.187e+01	1.683e+02
40	52	6.257e+01	1.484e+02
47	52	6.483e+01	1.455e+02
48	52	6.142e+01	1.370e+02
49	52	5.602e+01	1.252e+02
4	53	9.307e+01	2.180e+02
5	53	9.338e+01	2.170e+02
12	53	9.034e+01	2.073e+02
13	53	8.525e+01	2.112e+02
14	53	8.620e+01	2.092e+02
18	53	8.974e+01	2.172e+02
24	53	8.703e+01	2.052e+02
33	53	7.674e+01	1.788e+02
34	53	7.424e+01	1.762e+02
35	53	7.580e+01	1.795e+02
36	53	7.572e+01	1.807e+02
37	53	7.978e+01	1.824e+02
38	53	7.993e+01	1.818e+02
40	53	6.421e+01	1.570e+02
47	53	6.905e+01	1.536e+02
48	53	6.044e+01	1.381e+02
49	53	6.076e+01	1.377e+02
50	53	9.141e+01	1.641e+02
2	54	9.729e+01	2.249e+02
3	54	9.409e+01	2.259e+02
6	54	9.369e+01	2.145e+02
7	54	8.819e+01	2.157e+02
8	54	9.315e+01	2.132e+02
9	54	9.631e+01	2.204e+02
10	54	9.577e+01	2.249e+02
15	54	9.061e+01	2.125e+02
17	54	9.552e+01	2.267e+02
21	54	8.738e+01	2.144e+02
22	54	8.663e+01	2.081e+02
23	54	9.113e+01	2.126e+02
25	54	8.605e+01	2.026e+02
26	54	9.144e+01	2.018e+02
27	54	8.598e+01	2.034e+02
29	54	8.475e+01	1.957e+02
32	54	8.032e+01	1.842e+02
41	54	7.447e+01	1.665e+02
42	54	8.172e+01	1.797e+02
43	54	8.381e+01	1.865e+02
46	54	7.341e+01	1.644e+02
52	54	0.000e+00	0.000e+00
