hs16 25140 25290 17
hs16 28980 29130 71
hs16 32260 32410 11
hs16 42920 43070 18
hs16 43620 43770 125
hs16 55780 55930 18
hs16 66800 66950 11
hs16 68140 68290 27
hs16 74860 75010 57
hs16 87000 87150 58
hs16 97120 97270 10
hs16 128660 128810 110
hs16 171520 171670 13
hs16 219340 219490 45
hs16 224660 224810 67
hs16 225060 225210 89
hs16 229740 229890 15
hs16 242900 243050 29
hs16 268960 269110 9
hs16 315140 315290 14
hs16 317280 317430 9
hs16 339480 339630 37
hs16 342900 343050 72
hs16 360520 360670 141
hs16 372460 372610 8
hs16 373420 373570 37
hs16 381900 382050 13
hs16 391640 391790 40
hs16 415320 415470 14
hs16 415520 415670 35
hs16 440560 440710 20
