hs16 25 2525 152.74
hs16 3550 6350 14.98
hs16 12050 14325 29.8
hs16 54750 57625 39.78
hs16 85850 87925 112.12
hs16 94450 98050 28.75
hs16 107100 109100 30.8
hs16 131825 133900 10
hs16 168000 172475 29.17
hs16 178375 179150 15.87
hs16 223950 226125 19.9
hs16 276950 277750 12.99
hs16 308025 309600 19.85
hs16 313725 315125 11.84
hs16 351975 352775 54.27
hs16 375950 378625 14.68
hs16 381175 382775 60.84
hs16 387750 389800 22.12
hs16 391875 392650 42.37
hs16 414475 415675 16.38
hs16 477575 478600 38.79
hs16 484625 486350 22.38
