hs16 41580 41730 44
hs16 42020 42170 79
hs16 42520 42670 31
hs16 43180 43330 187
hs16 43960 44110 188
hs16 45020 45170 14
hs16 62100 62250 54
hs16 62720 62870 18
hs16 67640 67790 69
hs16 67960 68110 69
hs16 68420 68570 132
hs16 103900 104050 7
hs16 110220 110370 9
hs16 126240 126390 26
hs16 126600 126750 18
hs16 127260 127410 38
hs16 127600 127750 40
hs16 128120 128270 115
hs16 128780 128930 70
hs16 129020 129170 54
hs16 129500 129650 10
hs16 142360 142510 10
hs16 142560 142710 15
hs16 143080 143230 51
hs16 144500 144650 65
hs16 155180 155330 14
hs16 161820 161970 8
hs16 163300 163450 44
hs16 163600 163750 62
hs16 164040 164190 13
hs16 164540 164690 9
hs16 164900 165050 7
hs16 165580 165730 9
hs16 167120 167270 66
hs16 167440 167590 111
hs16 169960 170110 23
hs16 170220 170370 31
hs16 170560 170710 151
hs16 171660 171810 22
hs16 218880 219030 208
hs16 224520 224670 107
hs16 225160 225310 186
hs16 242920 243070 6
hs16 270120 270410 15
hs16 270700 270850 39
hs16 314200 314350 17
hs16 314880 315030 23
hs16 341180 341330 19
hs16 341920 342070 96
hs16 342520 342670 14
hs16 343240 343390 69
hs16 359980 360130 108
hs16 360420 360570 41
hs16 371420 371570 125
hs16 372220 372370 111
hs16 378460 378610 12
hs16 385420 385570 8
hs16 386140 386290 26
hs16 386540 386690 33
hs16 386880 387030 58
hs16 387360 387510 74
hs16 387940 388090 33
hs16 390940 391090 69
hs16 391460 391610 133
hs16 392000 392150 70
hs16 392440 392590 42
hs16 396060 396210 8
hs16 414820 414970 25
hs16 415300 415450 58
hs16 415600 415750 24
hs16 416520 416670 72
