hs16 25 450 6.17
hs16 12500 14000 8.85
hs16 15550 17950 7.29
hs16 28575 30075 6.05
hs16 39200 45950 15.79
hs16 66250 70000 20.27
hs16 124375 130125 9.56
hs16 143775 145300 7.44
hs16 154475 156150 12.24
hs16 170900 171525 8.02
hs16 216475 220150 17.95
hs16 223275 226325 19.55
hs16 229475 230750 6.26
hs16 242225 244200 9.21
hs16 314225 316225 11.61
hs16 338500 342750 10.27
hs16 343175 343825 8.29
hs16 358975 361475 7.18
hs16 369550 374450 15.07
hs16 385600 388575 10.26
hs16 389800 393225 19.32
hs16 414400 419525 13.94
