hs16 24660 24810 18
hs16 25120 25270 21
hs16 28960 29110 114
hs16 38180 38330 10
hs16 42980 43130 45
hs16 43660 43810 141
hs16 45360 45650 13
hs16 45680 45830 14
hs16 55780 55930 19
hs16 66220 66370 14
hs16 66780 66930 16
hs16 67000 67150 16
hs16 67540 67690 34
hs16 68140 68290 60
hs16 68580 68730 22
hs16 74880 75030 87
hs16 87020 87170 64
hs16 97080 97230 18
hs16 107860 108010 23
hs16 128180 128330 24
hs16 128640 128790 101
hs16 142520 142670 9
hs16 144440 144590 10
hs16 171420 171570 42
hs16 206760 206910 12
hs16 214820 214970 8
hs16 217020 217170 13
hs16 219160 219310 75
hs16 224400 224550 76
hs16 224720 224870 64
hs16 225040 225190 108
hs16 225560 225710 13
hs16 227420 227570 9
hs16 242840 242990 31
hs16 268980 269130 12
hs16 275480 275630 9
hs16 299660 299810 12
hs16 313640 313790 12
hs16 315120 315270 11
hs16 315900 316050 11
hs16 339460 339610 45
hs16 341980 342130 21
hs16 342660 342810 64
hs16 342900 343050 96
hs16 352220 352370 18
hs16 359400 359550 27
hs16 360140 360290 12
hs16 360520 360670 103
hs16 369340 369490 10
hs16 370880 371030 12
hs16 371360 371510 31
hs16 372140 372290 21
hs16 372420 372570 20
hs16 373360 373510 85
hs16 381900 382050 23
hs16 387180 387330 19
hs16 390260 390410 11
hs16 391620 391770 80
hs16 415520 415670 46
hs16 416920 417070 12
hs16 440480 440630 13
hs16 485520 485670 13
