hs16 27560 27710 13
hs16 28600 28750 13
hs16 29220 29370 15
hs16 29420 29570 10
hs16 33620 33770 11
hs16 33840 33990 10
hs16 37360 37510 13
hs16 45480 45630 16
hs16 46040 46190 17
hs16 46620 46770 14
hs16 47160 47310 14
hs16 69700 69850 13
hs16 78580 78730 17
hs16 86260 86410 14
hs16 87700 87850 23
hs16 107440 107590 14
hs16 112420 112570 12
hs16 167920 168070 15
hs16 168240 168390 17
hs16 181060 181210 17
hs16 207180 207330 16
hs16 244000 244150 16
hs16 244700 244850 10
hs16 250200 250350 16
hs16 251100 251250 12
hs16 251540 251690 9
hs16 280680 280830 14
hs16 282360 282510 10
hs16 282620 282770 14
hs16 283040 283190 15
hs16 332520 332670 13
hs16 333120 333270 13
hs16 335080 335230 14
hs16 356180 356330 11
hs16 357240 357390 14
hs16 357740 357890 20
hs16 358380 358530 18
hs16 362500 362650 9
hs16 362700 362850 9
hs16 364320 364470 11
hs16 364960 365230 11
hs16 389340 389490 12
hs16 389800 389950 17
hs16 390280 390430 15
