hs16 25 600 7.58
hs16 800 5850 7.54
hs16 12350 13725 10.21
hs16 24050 25225 6.33
hs16 30650 33775 14.29
hs16 37125 47650 16.61
hs16 65300 69825 25.82
hs16 79850 81150 8.3
hs16 85575 87375 6.52
hs16 91900 92700 6.06
hs16 93075 98425 19.7
hs16 98850 100900 7.08
hs16 101150 117375 33.44
hs16 118050 131400 16.45
hs16 131600 137300 38.17
hs16 138300 139850 6.68
hs16 141425 145525 23.7
hs16 152425 155925 16.22
hs16 158000 159125 6.15
hs16 161500 172275 21.17
hs16 217475 220125 28.4
hs16 223125 226175 39.93
hs16 229350 231350 9.02
hs16 231975 233000 6.08
hs16 234925 236175 7.15
hs16 241525 244825 17.21
hs16 245775 246400 6.15
hs16 247625 250375 10.84
hs16 257500 258075 9.84
hs16 312950 315875 23.07
hs16 321150 322300 6.93
hs16 323675 327225 12.19
hs16 329725 331175 10.53
hs16 331500 333725 9.88
hs16 337900 342700 13.05
hs16 343125 343925 16.03
hs16 358925 361525 15.99
hs16 370425 373100 9.45
hs16 376350 377175 8.68
hs16 377500 379950 16.39
hs16 384600 392850 33.18
hs16 393200 393925 6.21
hs16 394975 396675 16.15
hs16 414100 415700 11.43
hs16 446325 448250 8.55
hs16 497675 498375 6.13
