hs16 3653 3846 0.0154
hs16 4058 4221 0.0142
hs16 4756 4789 0.0133
hs16 7564 7591 0.0115
hs16 12713 13247 0.0198
hs16 18490 18498 0.0112
hs16 20405 20829 0.0185
hs16 20986 21073 0.0134
hs16 21915 22092 0.0138
hs16 22741 23204 0.024
hs16 23445 23643 0.0148
hs16 31799 31974 0.0124
hs16 42844 43134 0.0201
hs16 43459 43891 0.0285
hs16 55107 55296 0.0135
hs16 55672 55898 0.0165
hs16 63039 63241 0.0154
hs16 65829 66259 0.0237
hs16 66761 67116 0.0179
hs16 67452 67747 0.0156
hs16 68881 69053 0.0132
hs16 73746 73774 0.0121
hs16 81642 81810 0.0138
hs16 84231 84255 0.0112
hs16 84314 84325 0.0114
hs16 86356 87352 0.0503
hs16 92281 92295 0.0115
hs16 94775 95943 0.0394
hs16 96920 97568 0.0359
hs16 98065 98078 0.0112
hs16 98156 98326 0.0123
hs16 102971 104578 0.0562
hs16 109809 110378 0.0216
hs16 113768 114077 0.0159
hs16 132655 132842 0.0126
hs16 133015 133466 0.0241
hs16 134793 135239 0.0185
hs16 139436 139505 0.0117
hs16 142208 142851 0.0247
hs16 143033 143527 0.0247
hs16 143991 144565 0.0186
hs16 144826 144919 0.0136
hs16 153674 154109 0.0186
hs16 154587 154714 0.0157
hs16 159742 160464 0.0226
hs16 162038 162130 0.0129
hs16 162274 162975 0.0138
hs16 164289 164695 0.0193
hs16 166519 166845 0.0194
hs16 168355 168509 0.013
hs16 171413 171701 0.0198
hs16 178764 178932 0.0135
hs16 196309 196474 0.0144
hs16 210130 210356 0.0128
hs16 217942 218150 0.0125
hs16 218512 218761 0.0128
hs16 219330 219591 0.0159
hs16 223746 223770 0.0114
hs16 223862 223868 0.0115
hs16 224441 225811 0.0285
hs16 229765 230314 0.021
hs16 232082 232402 0.0177
hs16 233578 233669 0.0127
hs16 235235 235373 0.0122
hs16 238045 238148 0.0121
hs16 238326 238378 0.0115
hs16 242425 243191 0.0326
hs16 243948 244172 0.0129
hs16 246021 246134 0.0123
hs16 248927 249685 0.0222
hs16 257524 258162 0.0196
hs16 263324 263339 0.0113
hs16 268937 269386 0.0241
hs16 310133 310153 0.0112
hs16 314331 314942 0.0362
hs16 321540 321750 0.0157
hs16 325069 325355 0.0141
hs16 326056 326434 0.0144
hs16 329957 330160 0.0141
hs16 331837 332282 0.0187
hs16 339465 339638 0.0125
hs16 352152 352450 0.0183
hs16 359750 359798 0.0117
hs16 360476 360891 0.0245
hs16 361086 361171 0.012
hs16 372561 372721 0.0136
hs16 376749 376855 0.013
hs16 378082 378656 0.0311
hs16 381933 382184 0.0138
hs16 386323 387021 0.0173
hs16 388120 388519 0.0155
hs16 389005 389122 0.0137
hs16 392151 392165 0.0116
hs16 392347 392348 0.0113
hs16 395251 395253 0.0114
hs16 395494 395995 0.0188
hs16 414339 414735 0.0173
hs16 415248 415613 0.0131
hs16 417088 417435 0.0171
hs16 446752 447314 0.0213
hs16 447800 447989 0.0134
hs16 463151 463353 0.0142
hs16 473489 473952 0.0159
hs16 477941 477963 0.012
hs16 484604 485041 0.0374
hs16 485527 485703 0.016
hs16 497823 498075 0.0153
