hs16 24240 24390 10
hs16 24500 24650 11
hs16 24740 24890 13
hs16 29300 29450 12
hs16 33880 34030 13
hs16 37400 37550 16
hs16 45600 45750 11
hs16 46000 46150 14
hs16 46320 46470 11
hs16 46860 47010 14
hs16 74360 74510 13
hs16 75900 76050 13
hs16 76400 76550 11
hs16 76820 76970 9
hs16 77060 77210 14
hs16 78800 78950 13
hs16 79800 79950 12
hs16 86100 86250 14
hs16 102580 102730 16
hs16 103320 103470 10
hs16 103540 103690 11
hs16 177320 177470 17
hs16 179720 179870 25
hs16 181020 181170 11
hs16 181280 181430 19
hs16 182060 182210 12
hs16 182220 182370 11
hs16 187700 187850 18
hs16 188440 188590 13
hs16 193420 193570 11
hs16 194680 194830 13
hs16 197500 197650 12
hs16 198020 198170 11
hs16 200560 200710 17
hs16 208960 209110 10
hs16 212380 212530 10
hs16 214840 214990 11
hs16 217100 217250 10
hs16 243960 244110 10
hs16 252140 252290 8
hs16 278400 278550 10
hs16 280880 281030 10
hs16 283580 283730 9
hs16 287560 287710 14
hs16 293880 294030 10
hs16 298040 298190 14
hs16 298520 298670 13
hs16 300140 300290 14
hs16 308540 308690 15
hs16 332980 333130 10
hs16 335100 335250 9
hs16 336700 336850 16
hs16 337320 337470 8
hs16 357240 357390 11
hs16 357640 357790 15
hs16 358940 359090 14
hs16 362820 362970 10
hs16 365120 365270 13
hs16 366520 366670 9
hs16 367100 367250 7
hs16 452940 453090 10
hs16 472560 472710 14
hs16 489220 489370 11
