hs16 31061 31211 20
hs16 31880 32030 12
hs16 42940 43090 66
hs16 43600 43750 186
hs16 55781 55931 21
hs16 62605 62755 8
hs16 65963 66113 15
hs16 66300 66450 25
hs16 66820 66970 26
hs16 67617 67767 11
hs16 68120 68270 41
hs16 85000 85150 19
hs16 87100 87250 99
hs16 95080 95230 85
hs16 97120 97270 42
hs16 103580 103730 418
hs16 106280 106430 11
hs16 110000 110150 82
hs16 122320 122470 35
hs16 126255 126405 14
hs16 127320 127470 26
hs16 128620 128770 126
hs16 133120 133270 98
hs16 134900 135050 164
hs16 142580 142730 42
hs16 144440 144590 17
hs16 155160 155310 10
hs16 160240 160390 9
hs16 164980 165130 26
hs16 165480 165630 41
hs16 165677 165827 13
hs16 167444 167594 15
hs16 168340 168490 22
hs16 169380 169530 11
hs16 170420 170570 16
hs16 171040 171190 24
hs16 171420 171570 67
hs16 178760 178910 12
hs16 219140 219290 45
hs16 219380 219530 69
hs16 224660 224810 83
hs16 225500 225650 40
hs16 230000 230150 21
hs16 232020 232170 11
hs16 242840 242990 88
hs16 249380 249530 22
hs16 269060 269210 20
hs16 314460 314610 148
hs16 326320 326470 14
hs16 339464 339614 19
hs16 341500 341650 13
hs16 342900 343050 89
hs16 359660 359810 25
hs16 360540 360690 107
hs16 376740 376890 12
hs16 378100 378250 43
hs16 378320 378470 65
hs16 381900 382050 13
hs16 386660 386810 45
hs16 386880 387030 12
hs16 388151 388301 9
hs16 389000 389150 8
hs16 391660 391810 48
hs16 392013 392163 34
hs16 395740 395890 35
hs16 412298 412448 9
hs16 414140 414290 8
hs16 414531 414681 8
hs16 415520 415670 38
hs16 446960 447110 42
hs16 457263 457413 7
hs16 473700 473850 18
hs16 481340 481490 14
hs16 485536 485686 14
