hs16 42920 43070 10
hs16 55760 55910 248
hs16 61980 62130 10
hs16 66240 66390 14
hs16 67500 67650 9
hs16 74320 74470 8
hs16 87000 87150 371
hs16 95640 95790 22
hs16 97140 97290 96
hs16 107860 108010 112
hs16 110000 110150 24
hs16 133140 133290 13
hs16 170360 170510 79
hs16 170640 170790 27
hs16 171480 171630 206
hs16 178780 178930 23
hs16 198440 198590 7
hs16 224960 225110 34
hs16 258020 258170 7
hs16 262700 262850 18
hs16 277460 277610 14
hs16 308800 308950 72
hs16 325360 325510 11
hs16 342620 342770 64
hs16 352240 352390 139
hs16 381900 382050 161
hs16 387880 388030 30
hs16 388940 389090 27
hs16 392020 392170 73
hs16 415100 415250 22
hs16 456200 456350 7
hs16 477800 477950 86
hs16 485520 485670 64
