hs16 5214 5439 0.5366
hs16 12718 13008 1.9238
hs16 22176 22213 0.0726
hs16 42976 43061 0.0934
hs16 55669 55999 2.8138
hs16 62035 62115 0.0855
hs16 66197 66381 0.134
hs16 67550 67584 0.072
hs16 86922 87261 4.7115
hs16 90469 90561 0.105
hs16 95595 95824 0.3072
hs16 96853 96969 0.1064
hs16 97057 97346 1.8001
hs16 107816 108054 0.3364
hs16 133162 133306 0.1045
hs16 162498 162657 0.1413
hs16 166309 166432 0.0886
hs16 170282 170585 0.805
hs16 170668 170820 0.1663
hs16 171440 171721 1.1951
hs16 171838 171863 0.0703
hs16 171864 171874 0.0714
hs16 178763 178972 0.3182
hs16 198492 198646 0.1982
hs16 224963 225202 0.3443
hs16 262737 262878 0.163
hs16 277461 277645 0.2457
hs16 293762 293946 0.256
hs16 299589 299762 0.239
hs16 308713 308974 0.4842
hs16 342582 342788 0.3994
hs16 352190 352466 1.6827
hs16 354720 354730 0.0697
hs16 376689 376863 0.2001
hs16 377946 378023 0.088
hs16 381849 382109 0.9656
hs16 386692 386784 0.0943
hs16 387857 388002 0.1003
hs16 388945 389078 0.1226
hs16 391977 392227 0.62
hs16 397419 397442 0.0703
hs16 397448 397454 0.0705
hs16 415102 415328 0.2752
hs16 477770 478021 0.7769
hs16 484829 484896 0.0888
hs16 485500 485737 0.6044
