hs16 0 1900 7.6
hs16 3300 5475 7.88
hs16 12300 14525 17.67
hs16 30375 33875 12.09
hs16 34375 34950 6.28
hs16 39700 45975 34.09
hs16 55175 56775 7.12
hs16 60975 63400 15.55
hs16 65525 69925 34.09
hs16 93975 98450 13.93
hs16 102050 104750 23.31
hs16 107450 111700 16.95
hs16 113450 114650 6.71
hs16 119900 130425 16.37
hs16 131675 135375 26.3
hs16 138325 139950 9.56
hs16 141475 145825 32.77
hs16 149175 150450 6.22
hs16 152650 155550 26.88
hs16 158325 160975 10.29
hs16 161350 172400 38.9
hs16 217225 220125 45.26
hs16 220625 222000 6.19
hs16 222975 226650 42.22
hs16 229450 231125 8.98
hs16 231725 232600 8.9
hs16 234775 235575 6.96
hs16 242250 243850 29.87
hs16 247625 250275 9.87
hs16 263000 263900 8.23
hs16 269975 271275 6.5
hs16 312975 316050 20.52
hs16 320925 322525 8.55
hs16 323825 327025 10.75
hs16 329550 331175 8.26
hs16 337375 344325 13.44
hs16 358850 361650 19.09
hs16 370000 373000 23.15
hs16 376375 379525 17.19
hs16 384350 393350 32.76
hs16 395175 396550 19.01
hs16 414275 418125 23.5
hs16 440150 440775 6.4
hs16 446125 447550 14.02
