hs16 31061 31211 13
hs16 32181 32331 9
hs16 38220 38370 11
hs16 42940 43090 80
hs16 43620 43770 199
hs16 55740 55890 9
hs16 62600 62750 10
hs16 66000 66150 25
hs16 66320 66470 23
hs16 66780 66930 28
hs16 68114 68264 31
hs16 87080 87230 88
hs16 95020 95170 82
hs16 95740 95890 9
hs16 97140 97290 62
hs16 103500 103650 401
hs16 109723 109873 22
hs16 110000 110150 84
hs16 122300 122450 37
hs16 123840 123990 12
hs16 126240 126390 14
hs16 127320 127470 16
hs16 128660 128810 102
hs16 133140 133290 96
hs16 134900 135050 156
hs16 142540 142690 75
hs16 144460 144610 20
hs16 164500 164650 18
hs16 165000 165150 26
hs16 165520 165670 40
hs16 168220 168370 19
hs16 169620 169770 9
hs16 170340 170490 10
hs16 171120 171270 21
hs16 171420 171570 52
hs16 203142 203292 8
hs16 219120 219270 32
hs16 219360 219510 61
hs16 224660 224810 85
hs16 225580 225730 47
hs16 229960 230110 23
hs16 232060 232210 19
hs16 242488 242638 19
hs16 242800 242950 92
hs16 248118 248268 11
hs16 249400 249550 25
hs16 269000 269150 15
hs16 314480 314630 153
hs16 321920 322070 12
hs16 326320 326470 16
hs16 331995 332145 10
hs16 333009 333159 12
hs16 339460 339610 15
hs16 341520 341670 12
hs16 342900 343050 96
hs16 354685 354835 12
hs16 359700 359850 12
hs16 360540 360690 128
hs16 376740 376890 15
hs16 378120 378270 46
hs16 378340 378490 80
hs16 382000 382150 23
hs16 386660 386810 28
hs16 388080 388230 13
hs16 389400 389550 7
hs16 390420 390570 8
hs16 391620 391770 66
hs16 395840 395990 40
hs16 414280 414430 11
hs16 415220 415370 16
hs16 415500 415650 35
hs16 446940 447090 35
hs16 473700 473850 13
hs16 481360 481510 21
hs16 485458 485608 11
hs16 499260 499410 8
