hs16 12100 18700 8.25
hs16 24300 26250 8.66
hs16 27625 30700 7.21
hs16 38450 45850 11.94
hs16 61650 63125 8.53
hs16 66125 70700 19.29
hs16 73350 75750 7.05
hs16 124950 130375 9.43
hs16 143775 145225 10.4
hs16 153925 156775 6.08
hs16 162225 163675 7.76
hs16 165675 167525 8.26
hs16 170150 172050 8.4
hs16 215550 220150 14.61
hs16 222950 226775 15.97
hs16 228850 231375 8.17
hs16 242250 244325 14.89
hs16 264925 265675 6.94
hs16 314050 318600 13.11
hs16 337100 342300 12.5
hs16 343075 344075 11.66
hs16 358650 361475 9.41
hs16 369450 374525 18.35
hs16 385975 393000 12.19
hs16 414450 419825 16.15
hs16 439125 440775 7.5
