hs16 3508 3790 0.0615
hs16 4058 4422 0.0562
hs16 4728 4864 0.0335
hs16 5170 5484 0.0653
hs16 9575 9823 0.0349
hs16 12612 13432 0.2442
hs16 16090 16453 0.0352
hs16 17913 18127 0.0374
hs16 19152 19528 0.0342
hs16 19660 19898 0.0383
hs16 20051 20231 0.0366
hs16 20468 20806 0.0647
hs16 21074 21264 0.0353
hs16 21816 22264 0.067
hs16 22743 23497 0.061
hs16 23667 24453 0.0448
hs16 24804 25269 0.0569
hs16 25987 26766 0.0525
hs16 27504 27684 0.0344
hs16 28503 28716 0.0334
hs16 28833 29465 0.0525
hs16 32048 32346 0.0498
hs16 42943 43256 0.0425
hs16 43317 44217 0.3759
hs16 48018 48265 0.0355
hs16 48543 48858 0.0378
hs16 49075 49407 0.0363
hs16 49605 49854 0.0368
hs16 50269 50616 0.0532
hs16 50864 52232 0.0386
hs16 52563 52854 0.0408
hs16 53075 53703 0.0596
hs16 55521 56662 0.2295
hs16 58143 58349 0.0344
hs16 58538 58675 0.0311
hs16 61481 63062 0.2218
hs16 65857 66558 0.0658
hs16 66698 69290 0.5351
hs16 71366 72570 0.0772
hs16 72846 73325 0.0327
hs16 74219 76059 0.0452
hs16 76948 77098 0.0307
hs16 79215 79259 0.0288
hs16 80319 80826 0.047
hs16 86742 87414 0.455
hs16 90339 90413 0.0293
hs16 94866 95347 0.1295
hs16 97055 97368 0.0625
hs16 103258 103904 0.1515
hs16 109957 110261 0.0519
hs16 128129 128925 0.1314
hs16 133021 133387 0.082
hs16 134982 135173 0.0353
hs16 142382 144737 0.4262
hs16 152807 153386 0.0568
hs16 153426 153542 0.029
hs16 153717 155516 0.5223
hs16 159956 160376 0.0882
hs16 161976 163458 0.2741
hs16 163734 163917 0.0339
hs16 164302 164634 0.0509
hs16 165857 167199 0.2563
hs16 170223 170731 0.1531
hs16 170870 171840 0.2405
hs16 178627 178972 0.0435
hs16 179810 179900 0.0297
hs16 218896 219719 0.2702
hs16 224339 225808 0.3059
hs16 242595 243358 0.115
hs16 249295 250298 0.0447
hs16 255192 255359 0.0314
hs16 256320 256554 0.0348
hs16 257160 257374 0.0311
hs16 257854 258057 0.035
hs16 258472 258672 0.0326
hs16 258840 259013 0.0305
hs16 259366 259673 0.032
hs16 260319 260500 0.0373
hs16 261328 261545 0.0363
hs16 262406 264529 0.1458
hs16 264584 266172 0.0651
hs16 266247 266872 0.0415
hs16 268725 273643 0.1859
hs16 274188 276219 0.0906
hs16 276431 278052 0.0677
hs16 278810 278946 0.0323
hs16 279449 279712 0.0342
hs16 280155 280265 0.0303
hs16 281748 282412 0.033
hs16 286362 286883 0.037
hs16 287236 287714 0.0436
hs16 292166 292471 0.0342
hs16 293720 294235 0.0486
hs16 294962 295052 0.0302
hs16 296427 296611 0.0291
hs16 296761 297173 0.0423
hs16 299482 299954 0.0554
hs16 303431 303795 0.0326
hs16 304407 304585 0.0327
hs16 306350 306544 0.0382
hs16 308666 309063 0.0525
hs16 313970 315259 0.2432
hs16 321749 321993 0.0386
hs16 327581 327715 0.0304
hs16 327985 328310 0.0299
hs16 329688 330012 0.0474
hs16 330248 330995 0.0542
hs16 332582 332651 0.0289
hs16 333085 333170 0.0298
hs16 341896 343595 0.2991
hs16 346712 346910 0.0333
hs16 349177 349374 0.0329
hs16 350470 350821 0.0339
hs16 351403 355171 0.1275
hs16 356126 356495 0.0459
hs16 359454 362230 0.4371
hs16 366298 366626 0.0379
hs16 367813 369270 0.1078
hs16 369363 370031 0.0331
hs16 370812 372463 0.4804
hs16 378198 378540 0.0624
hs16 381887 382096 0.0385
hs16 386534 386893 0.0792
hs16 387041 387994 0.1469
hs16 388181 388363 0.0327
hs16 389047 389155 0.0301
hs16 390895 390997 0.0302
hs16 391443 392251 0.3308
hs16 392462 392651 0.0376
hs16 395490 395605 0.0308
hs16 395804 396390 0.079
hs16 397399 397552 0.0318
hs16 398206 398296 0.0299
hs16 400253 400596 0.0445
hs16 401038 401777 0.036
hs16 403603 403814 0.0385
hs16 414739 416993 0.3599
hs16 430571 430629 0.0291
hs16 432535 432698 0.0318
hs16 435583 435760 0.033
hs16 440534 440902 0.0433
hs16 446835 447430 0.0425
hs16 450847 450995 0.0315
hs16 452575 452855 0.0338
hs16 456786 456992 0.0345
hs16 457410 457735 0.0617
hs16 457999 458461 0.096
hs16 461127 461580 0.041
hs16 462207 462465 0.0322
hs16 463090 463317 0.0352
hs16 464795 465063 0.0349
hs16 472016 472132 0.0323
hs16 473305 474049 0.0553
hs16 474149 474250 0.0301
hs16 477577 478020 0.0524
hs16 481179 481657 0.0913
hs16 482223 482655 0.1426
hs16 484726 485136 0.0533
hs16 485290 485741 0.076
hs16 487402 487483 0.0291
hs16 490835 490918 0.03
hs16 493129 493217 0.0296
hs16 494239 494797 0.0422
