hs16 2850 5500 8.27
hs16 12400 13800 19.03
hs16 30625 32800 8.43
hs16 40225 45800 40.96
hs16 61350 63225 9.26
hs16 65075 69925 32.21
hs16 85500 87525 6.81
hs16 92550 98500 11.22
hs16 101575 105025 21.5
hs16 107650 112250 14.13
hs16 113000 116125 12.5
hs16 116600 119300 6.06
hs16 121150 130500 26.87
hs16 132000 137325 22.97
hs16 138475 146200 15.26
hs16 152000 153200 8.76
hs16 153625 155675 26.72
hs16 158075 158900 6.21
hs16 161775 172600 21.9
hs16 217250 220425 43.63
hs16 222975 226100 43.46
hs16 229325 230675 10.82
hs16 231775 232650 8.56
hs16 232950 233900 6.77
hs16 234200 235875 6.88
hs16 236625 237525 6.72
hs16 241875 244150 21.43
hs16 247300 250300 11.78
hs16 270675 271325 9.36
hs16 305075 305875 7.6
hs16 313075 315675 15.09
hs16 320425 323400 6.01
hs16 324025 327500 8.06
hs16 329775 331225 6.39
hs16 339200 342400 23.64
hs16 343125 344650 17
hs16 354350 355025 6.85
hs16 359100 361400 22.72
hs16 369400 373250 17.43
hs16 376375 380075 11.51
hs16 385100 393150 42.69
hs16 395025 397300 14.06
hs16 413700 415725 16.27
hs16 416300 417400 8.45
hs16 439750 440725 6.27
hs16 446525 447950 12.4
hs16 480775 481950 6.35
hs16 484525 485050 8.67
hs16 497475 498300 6.45
