hs16 1536 1565 0.0127
hs16 16253 16309 0.0136
hs16 16619 16676 0.0128
hs16 24757 25025 0.0141
hs16 28841 29227 0.0176
hs16 42965 43208 0.0141
hs16 43556 43916 0.0249
hs16 55638 55912 0.0163
hs16 67412 67619 0.0135
hs16 68209 68263 0.0138
hs16 68682 68742 0.0119
hs16 68796 68852 0.0125
hs16 72418 72421 0.0116
hs16 74795 75095 0.0159
hs16 86823 87168 0.0176
hs16 97102 97441 0.0223
hs16 98088 98211 0.0143
hs16 128544 128960 0.0218
hs16 130308 130415 0.0135
hs16 136872 136880 0.0116
hs16 143475 143655 0.0145
hs16 154554 154686 0.014
hs16 196214 196231 0.012
hs16 204930 204931 0.0117
hs16 205008 205057 0.0125
hs16 210036 210212 0.014
hs16 210951 210969 0.0117
hs16 218564 218584 0.0122
hs16 218639 218641 0.0116
hs16 219269 219546 0.0173
hs16 223667 223715 0.0121
hs16 224406 224799 0.0203
hs16 225038 225174 0.0153
hs16 225350 225680 0.0146
hs16 229804 229972 0.0128
hs16 242805 243165 0.0168
hs16 314599 314738 0.0148
hs16 315210 315274 0.0127
hs16 315380 315383 0.0116
hs16 321698 321773 0.0139
hs16 339256 339756 0.0218
hs16 340265 340525 0.016
hs16 352281 352341 0.0117
hs16 360432 360887 0.0315
hs16 372932 372975 0.0118
hs16 373427 373748 0.0144
hs16 374108 374141 0.0119
hs16 374196 374239 0.0124
hs16 382050 382158 0.0119
hs16 386316 386594 0.0139
hs16 390692 390795 0.0139
hs16 391538 391801 0.0146
hs16 415414 415610 0.0131
hs16 429328 429412 0.0141
hs16 440341 440594 0.0154
hs16 484611 485190 0.0408
hs16 494350 494571 0.0168
hs16 497841 498100 0.0179
