hs16 50 1675 7.7
hs16 3250 4325 6.2
hs16 12250 14125 18.23
hs16 31150 33375 6.67
hs16 39500 45850 35.94
hs16 55475 56250 6.06
hs16 61500 63225 13.69
hs16 65650 69550 29.98
hs16 94075 98500 8.62
hs16 102025 104850 12.15
hs16 105450 107150 6.66
hs16 107650 111975 9.92
hs16 119500 129825 18.14
hs16 132075 136650 13.58
hs16 141725 145800 23.84
hs16 152925 153250 8.57
hs16 153675 155850 19.16
hs16 159375 160675 11.11
hs16 161725 172475 29.8
hs16 216900 220575 37.19
hs16 223825 226325 49.27
hs16 242050 244350 19.16
hs16 247400 250175 8.15
hs16 263150 264025 6.04
hs16 270075 271350 6.34
hs16 313125 315950 14.04
hs16 321275 322475 6.56
hs16 325000 327475 6.02
hs16 339150 343925 14.33
hs16 359050 361375 21.36
hs16 370450 373600 19.09
hs16 376450 380025 10.5
hs16 384725 393600 31.63
hs16 395125 396350 12.48
hs16 414100 417575 19.36
hs16 446650 448050 7.95
