hs16 3221 3293 0.026
hs16 12685 13298 0.1054
hs16 15913 16521 0.06
hs16 17058 17164 0.0269
hs16 25011 25375 0.0459
hs16 25767 25923 0.0267
hs16 26303 26424 0.0275
hs16 28613 29492 0.1936
hs16 32124 32409 0.0359
hs16 42900 44352 0.3782
hs16 48365 48498 0.0279
hs16 55565 56179 0.1505
hs16 62318 63083 0.0404
hs16 66292 66490 0.0271
hs16 66644 67110 0.0467
hs16 67223 68875 0.2821
hs16 69074 69280 0.0266
hs16 71977 72030 0.0253
hs16 74602 75392 0.0796
hs16 86794 87398 0.2971
hs16 96975 97418 0.1032
hs16 107744 108140 0.0664
hs16 128033 129016 0.2926
hs16 142784 142987 0.0286
hs16 143247 144652 0.0769
hs16 152939 153201 0.0285
hs16 153486 156449 0.103
hs16 159420 160355 0.0472
hs16 161918 163480 0.1131
hs16 163728 164483 0.0439
hs16 165386 165550 0.0271
hs16 165799 167579 0.0978
hs16 170268 172090 0.2089
hs16 178691 178995 0.0389
hs16 218648 219716 0.2195
hs16 224306 225819 0.2352
hs16 229729 230063 0.0336
hs16 242759 243375 0.0676
hs16 263685 263890 0.0297
hs16 265061 265504 0.0378
hs16 265829 266035 0.0278
hs16 268860 269334 0.0606
hs16 273553 273628 0.0256
hs16 275250 276029 0.0489
hs16 299575 299824 0.0329
hs16 306406 306474 0.026
hs16 311735 311860 0.0272
hs16 314568 315949 0.1893
hs16 317210 317711 0.0455
hs16 324584 324778 0.0268
hs16 326322 326415 0.0263
hs16 329835 329978 0.0269
hs16 339087 339694 0.0921
hs16 341974 343461 0.1993
hs16 352104 352596 0.0959
hs16 352805 353025 0.0301
hs16 360069 361173 0.2513
hs16 370942 372429 0.1797
hs16 373311 373739 0.0606
hs16 376666 376847 0.0307
hs16 381794 382303 0.0669
hs16 382748 382842 0.0266
hs16 386654 387983 0.0978
hs16 390584 391115 0.0409
hs16 391460 392297 0.2963
hs16 414988 416668 0.1923
hs16 416920 417042 0.0264
hs16 432682 432830 0.0281
hs16 440373 440910 0.0656
hs16 458184 458310 0.0281
hs16 482256 482639 0.0915
hs16 484749 485030 0.0423
hs16 485511 485692 0.0305
hs16 494140 494644 0.0472
