hs16 11750 13225 6.47
hs16 13700 19300 13.13
hs16 23900 26800 14.91
hs16 27125 32725 13.38
hs16 37500 43150 6.38
hs16 44225 46050 6.28
hs16 62800 63275 7.65
hs16 65950 67575 18.05
hs16 68650 71050 8.05
hs16 72675 75775 13.7
hs16 87125 87725 6.77
hs16 119500 121725 10.97
hs16 124800 127925 6.48
hs16 155050 156350 6.8
hs16 170325 172325 6.69
hs16 196150 196650 7.32
hs16 215900 218750 7.98
hs16 223050 224650 9.07
hs16 228925 234425 14.36
hs16 241725 244900 10.59
hs16 313550 318600 14.48
hs16 326075 326975 6.07
hs16 327725 330925 6.14
hs16 337275 341625 12.92
hs16 358700 360125 7.89
hs16 369600 371225 6.42
hs16 372625 375150 8.74
hs16 384925 387025 8.04
hs16 389950 390925 10.24
hs16 392100 393300 6.11
hs16 413925 415475 8.79
hs16 416475 419225 9.69
hs16 438975 441050 11.43
hs16 443100 445150 10.9
hs16 484650 485650 8.26
hs16 498450 500000 6.55
