hs16 13080 13230 16
hs16 41540 41690 49
hs16 42020 42170 79
hs16 42520 42670 54
hs16 43060 43210 225
hs16 43260 43410 212
hs16 43960 44110 207
hs16 45060 45210 10
hs16 67260 67410 99
hs16 67900 68050 146
hs16 68500 68650 208
hs16 125160 125310 11
hs16 126240 126390 14
hs16 126780 126930 12
hs16 127380 127530 45
hs16 128160 128310 126
hs16 128760 128910 71
hs16 129020 129170 79
hs16 144480 144630 14
hs16 217040 217190 13
hs16 218800 218950 234
hs16 223840 223990 13
hs16 224500 224650 143
hs16 225300 225450 165
hs16 242980 243130 13
hs16 314940 315090 16
hs16 339320 339470 41
hs16 339660 339810 30
hs16 341860 342010 124
hs16 343160 343310 31
hs16 359080 359230 10
hs16 360160 360310 66
hs16 360400 360550 53
hs16 370940 371090 130
hs16 371360 371510 154
hs16 372220 372370 128
hs16 372460 372610 120
hs16 373280 373430 50
hs16 387420 387570 44
hs16 391020 391170 127
hs16 391480 391630 181
hs16 392020 392170 77
hs16 415300 415450 65
hs16 416020 416170 27
hs16 416660 416810 145
hs16 417420 417570 29
hs16 418200 418350 18
