hs16 2800 6125 20.75
hs16 12350 12900 7.86
hs16 13275 14125 7.1
hs16 14450 15000 6.09
hs16 17425 19425 7.99
hs16 21275 23050 7.5
hs16 23750 26250 7.91
hs16 27550 34800 14.2
hs16 38075 43400 12.35
hs16 44025 46000 11.62
hs16 55000 56825 9.6
hs16 60775 62175 8.39
hs16 62675 63825 21.44
hs16 64200 68150 20.99
hs16 68350 71975 9.27
hs16 79925 82575 10.23
hs16 83875 87875 13
hs16 88350 100900 19.25
hs16 101125 117325 32.9
hs16 117575 128100 15.71
hs16 128925 144075 22.41
hs16 144325 145800 11.54
hs16 148725 154775 9.73
hs16 155075 155850 7.2
hs16 156575 161150 16.35
hs16 161400 162575 13.52
hs16 162900 173275 17.83
hs16 211250 212850 6.83
hs16 216575 218950 15.12
hs16 219550 220650 6.72
hs16 223025 224650 9.92
hs16 225175 226325 10.28
hs16 228100 233975 14.07
hs16 234250 236375 10.21
hs16 240150 241200 7.14
hs16 241850 244375 19.92
hs16 245575 246725 6.13
hs16 246775 250800 19.6
hs16 257400 258925 6.62
hs16 263175 264200 6.02
hs16 305475 308750 7.02
hs16 311575 318750 14.85
hs16 319550 329050 15.04
hs16 329350 334300 12.48
hs16 337025 341975 16.52
hs16 343225 344550 10.69
hs16 353075 355550 9.85
hs16 358850 360175 10.56
hs16 360725 362275 11.82
hs16 369475 371450 8.18
hs16 372250 375300 7.94
hs16 375675 381950 13.89
hs16 384325 387075 10.76
hs16 387875 391375 24.21
hs16 392075 393725 7.46
hs16 394400 397450 18.67
hs16 411975 415525 11.61
hs16 416250 419675 9.75
hs16 439700 441750 7.78
hs16 445450 448700 16.91
hs16 456750 459000 8.57
hs16 462475 463975 9.09
hs16 472600 474825 13.42
hs16 481075 482000 8.73
hs16 497600 498600 8.53
hs16 498950 499925 7.96
