hs16 5221 5385 0.1511
hs16 12704 13016 1.3608
hs16 28932 28985 0.074
hs16 42940 43095 0.1048
hs16 55682 56020 2.8972
hs16 86925 87265 4.3964
hs16 96816 96951 0.1288
hs16 97038 97367 2.2414
hs16 107602 107659 0.0751
hs16 107784 108091 0.992
hs16 128816 128873 0.0749
hs16 162549 162627 0.0826
hs16 166309 166325 0.0696
hs16 170355 170499 0.144
hs16 170676 170777 0.0966
hs16 170779 170782 0.0674
hs16 171418 171730 1.3749
hs16 171869 171926 0.0747
hs16 178744 178975 0.4209
hs16 198564 198582 0.0669
hs16 224449 224488 0.0722
hs16 224970 225267 0.506
hs16 277476 277600 0.1249
hs16 293807 293936 0.1417
hs16 299605 299760 0.1497
hs16 308722 308923 0.3097
hs16 315238 315376 0.1044
hs16 342589 342783 0.2871
hs16 352176 352481 1.9594
hs16 381831 382128 1.411
hs16 391966 392219 0.4592
hs16 415105 415347 0.2789
hs16 477762 478024 0.4355
hs16 485497 485729 0.4811
