hs16 12575 13825 6.41
hs16 14675 18425 13.97
hs16 24425 26425 10.83
hs16 27800 30125 15.13
hs16 41875 45000 19.34
hs16 66650 69825 19.08
hs16 73475 76075 10.97
hs16 127325 129425 16.14
hs16 143900 144175 21.46
hs16 154450 155000 69.39
hs16 217725 219700 18.65
hs16 223700 226175 24.82
hs16 229250 231200 8.27
hs16 241975 244300 15.58
hs16 311450 316225 9.71
hs16 316675 318450 7.16
hs16 338700 340700 8.63
hs16 341300 342700 6.79
hs16 359300 361425 9.85
hs16 370375 374450 10.48
hs16 386250 388300 10.09
hs16 389950 393200 13.25
hs16 439775 441600 6.27
