	5C_305_ENm008_REV_1|hg18|chr16:1-5693	5C_305_ENm008_OUT_2-5|hg18|chr16:5693-11138	5C_305_ENm008_REV_6|hg18|chr16:11138-15091	5C_305_ENm008_FOR_7|hg18|chr16:15091-18344	5C_305_ENm008_FOR_8|hg18|chr16:18344-29756	5C_305_ENm008_REV_10|hg18|chr16:29779-44231	5C_305_ENm008_REV_11|hg18|chr16:44231-50868	5C_305_ENm008_REV_12|hg18|chr16:50868-52846	5C_305_ENm008_REV_13|hg18|chr16:52846-55911	5C_305_ENm008_FOR_14|hg18|chr16:55911-56690	5C_305_ENm008_REV_15|hg18|chr16:56690-64056	5C_305_ENm008_FOR_16|hg18|chr16:64056-65723	5C_305_ENm008_REV_17|hg18|chr16:65723-74448	5C_305_ENm008_REV_18|hg18|chr16:74448-86128	5C_305_ENm008_FOR_19|hg18|chr16:86128-86217	5C_305_ENm008_FOR_20|hg18|chr16:86217-87749	5C_305_ENm008_REV_21|hg18|chr16:87749-90248	5C_305_ENm008_FOR_22|hg18|chr16:90248-91497	5C_305_ENm008_FOR_23|hg18|chr16:91497-95256	5C_305_ENm008_FOR_24|hg18|chr16:95256-100530	5C_305_ENm008_FOR_25|hg18|chr16:100530-104687	5C_305_ENm008_REV_26|hg18|chr16:104687-109838	5C_305_ENm008_OUT_27|hg18|chr16:109838-120933	5C_305_ENm008_REV_28|hg18|chr16:120933-131220	5C_305_ENm008_FOR_29|hg18|chr16:131220-134334	5C_305_ENm008_OUT_30|hg18|chr16:134334-147782	5C_305_ENm008_REV_31+32|hg18|chr16:147782-167103	5C_305_ENm008_REV_33|hg18|chr16:167103-171769	5C_305_ENm008_REV_34|hg18|chr16:171769-185994	5C_305_ENm008_FOR_35|hg18|chr16:185994-189074	5C_305_ENm008_OUT_36|hg18|chr16:189074-192185	5C_305_ENm008_REV_37|hg18|chr16:192185-203353	5C_305_ENm008_REV_38|hg18|chr16:203353-217802	5C_305_ENm008_REV_39|hg18|chr16:217802-225341	5C_305_ENm008_REV_40|hg18|chr16:225341-235762	5C_305_ENm008_OUT_41|hg18|chr16:235762-237363	5C_305_ENm008_FOR_42|hg18|chr16:237363-239095	5C_305_ENm008_REV_43|hg18|chr16:239095-247214	5C_305_ENm008_OUT_44|hg18|chr16:247214-260279	5C_305_ENm008_REV_45|hg18|chr16:260279-277942	5C_305_ENm008_OUT_46|hg18|chr16:277942-286059	5C_305_ENm008_FOR_47|hg18|chr16:286059-289198	5C_305_ENm008_FOR_48|hg18|chr16:289198-303867	5C_305_ENm008_FOR_49|hg18|chr16:303867-310528	5C_305_ENm008_FOR_50|hg18|chr16:310528-314538	5C_305_ENm008_FOR_51|hg18|chr16:314538-327240	5C_305_ENm008_OUT_52|hg18|chr16:327240-331940	5C_305_ENm008_FOR_53|hg18|chr16:331940-332109	5C_305_ENm008_FOR_54|hg18|chr16:332109-334889	5C_305_ENm008_FOR_55|hg18|chr16:334889-335401	5C_305_ENm008_OUT_56|hg18|chr16:335401-346310	5C_305_ENm008_FOR_57|hg18|chr16:346310-352385	5C_305_ENm008_FOR_58|hg18|chr16:352385-353009	5C_305_ENm008_REV_59|hg18|chr16:353009-360924	5C_305_ENm008_REV_60|hg18|chr16:360924-372570	5C_305_ENm008_OUT_61|hg18|chr16:372570-372670	5C_305_ENm008_REV_62|hg18|chr16:372670-376971	5C_305_ENm008_REV_63|hg18|chr16:376971-380160	5C_305_ENm008_OUT_64|hg18|chr16:380160-402437	5C_305_ENm008_REV_65|hg18|chr16:402437-418222	5C_305_ENm008_FOR_66|hg18|chr16:418222-421291	5C_305_ENm008_FOR_67|hg18|chr16:421291-433293	5C_305_ENm008_OUT_68|hg18|chr16:433293-433293	5C_305_ENm008_FOR_69|hg18|chr16:441045-445126	5C_305_ENm008_FOR_70|hg18|chr16:445126-447073	5C_305_ENm008_FOR_71|hg18|chr16:447073-454365	5C_305_ENm008_REV_72|hg18|chr16:454365-483412	5C_305_ENm008_FOR_73|hg18|chr16:483412-483472	5C_305_ENm008_REV_74|hg18|chr16:483472-496513	5C_305_ENm008_FOR_75|hg18|chr16:496513-499411
5C_305_ENm008_REV_1|hg18|chr16:1-5693	0	2780	2780	2780	2780	2373	1402	0	0	0	0	0	0	0	0	0	31	0	0	0	0	0	574	146	41	13	2088	2425	1297	355	0	0	2768	2543	1945	1147	637	0	1844	0	0	0	0	0	0	0	0	0	0	0	0	0	0	0	0	0	0	123	3	0	0	0	0	0	0	0	0	0	0	0
5C_305_ENm008_OUT_2-5|hg18|chr16:5693-11138	2780	0	2780	2780	2780	2716	2780	1057	218	0	6	0	0	129	0	0	583	146	1756	2735	510	601	1547	675	1042	154	2125	2724	2050	2693	2053	355	2777	621	665	2618	2723	14	1497	0	0	0	0	2078	0	0	0	0	0	0	0	0	0	0	0	0	0	89	0	0	0	0	0	0	0	0	0	0	0	0
5C_305_ENm008_REV_6|hg18|chr16:11138-15091	2780	2780	0	2780	2780	2216	2780	2746	2743	0	2608	0	227	1802	2023	135	755	2774	2780	2780	2780	2770	1915	1742	2780	1578	2780	2780	2765	2780	2736	2780	2780	1	88	2780	2780	1056	2488	0	0	0	9	2303	1714	0	0	0	0	0	0	0	0	0	0	0	0	226	0	0	0	0	0	0	0	0	0	0	0	0
5C_305_ENm008_FOR_7|hg18|chr16:15091-18344	2780	2780	2780	0	2780	535	2780	2780	2780	591	2679	1853	256	1834	2368	2361	2269	2689	2694	2776	2356	2657	1595	760	1874	467	1708	2326	2114	2757	2343	1672	2762	0	0	1729	2128	0	0	0	0	0	33	2041	1908	797	0	0	383	0	0	0	0	0	0	0	0	0	0	0	0	0	0	0	0	0	0	0	0	0
5C_305_ENm008_FOR_8|hg18|chr16:18344-29756	2780	2780	2780	2780	0	2059	2780	2780	2780	2494	2780	2250	1793	2512	2709	2618	2720	2753	2760	2776	2602	2777	1655	895	2779	829	1891	2320	2228	2779	2649	2541	2780	0	0	198	440	0	0	0	0	0	10	2137	991	36	0	0	9	0	0	0	0	0	0	0	0	0	0	0	0	0	0	0	0	0	0	0	0	0
5C_305_ENm008_REV_10|hg18|chr16:29779-44231	2373	2716	2216	535	2059	0	0	2498	0	0	0	0	0	0	0	0	0	0	0	0	0	0	0	0	0	0	669	399	0	0	0	0	0	0	0	0	0	0	0	0	0	0	0	0	0	0	0	0	0	0	0	0	0	0	0	0	0	0	0	0	0	0	0	0	0	0	0	0	0	0
5C_305_ENm008_REV_11|hg18|chr16:44231-50868	1402	2780	2780	2780	2780	0	0	2780	2780	2780	2780	2780	2780	2368	2780	2780	2780	2780	2780	2780	2780	2780	2497	2774	2780	2780	2285	2680	2780	2780	2745	2780	2743	0	0	1	2	0	0	0	0	0	0	1380	6	0	0	0	0	0	0	0	0	0	0	0	0	0	0	0	0	0	0	0	0	0	0	0	0	0
5C_305_ENm008_REV_12|hg18|chr16:50868-52846	0	1057	2746	2780	2780	2498	2780	0	2780	2780	2780	2600	2425	1826	566	296	707	0	0	0	168	356	3	18	1408	1244	711	209	0	0	0	0	0	0	0	0	0	0	0	0	0	0	0	0	0	0	0	0	0	0	0	0	0	0	0	0	0	0	0	0	0	0	0	0	0	0	0	0	0	0
5C_305_ENm008_REV_13|hg18|chr16:52846-55911	0	218	2743	2780	2780	0	2780	2780	0	2780	2780	2780	2780	2346	2775	681	2252	100	760	1025	305	2486	797	591	2758	2423	1233	219	393	0	0	0	0	0	0	0	0	0	0	0	0	0	0	0	0	0	0	0	0	0	0	0	0	0	0	0	0	0	0	0	0	0	0	0	0	0	0	0	0	0
5C_305_ENm008_FOR_14|hg18|chr16:55911-56690	0	0	0	591	2494	0	2780	2780	2780	0	2780	2780	2780	2780	2780	2780	2387	1723	1599	0	121	20	15	0	0	0	0	0	0	0	0	0	0	0	0	0	0	0	0	0	0	0	0	0	0	0	0	0	0	0	0	0	0	0	0	0	0	0	0	0	0	0	0	0	0	0	0	0	0	0
5C_305_ENm008_REV_15|hg18|chr16:56690-64056	0	6	2608	2679	2780	0	2780	2780	2780	2780	0	2780	2780	2780	2780	2780	2755	2780	2780	2780	2780	2780	2753	2724	2772	2702	256	214	2201	154	7	2762	0	0	0	0	1	0	0	0	0	0	0	11	94	1	0	0	0	0	0	0	0	0	0	0	0	0	0	0	0	0	0	0	0	0	0	0	0	0
5C_305_ENm008_FOR_16|hg18|chr16:64056-65723	0	0	0	1853	2250	0	2780	2600	2780	2780	2780	0	2780	2780	2780	2780	2780	2780	2780	2780	2780	2734	546	306	17	0	0	0	0	50	3	1	0	0	0	0	0	0	0	0	0	0	0	21	559	925	5	1	38	1	1	0	0	0	0	0	0	0	0	0	0	0	0	0	0	0	0	0	0	0
5C_305_ENm008_REV_17|hg18|chr16:65723-74448	0	0	227	256	1793	0	2780	2425	2780	2780	2780	2780	0	2780	2780	2780	2777	2780	2780	2780	2780	2770	2380	2382	2712	2429	0	64	1521	362	493	2578	0	0	0	0	6	0	0	0	0	0	0	11	583	72	0	0	0	0	0	0	0	0	0	0	0	0	0	0	0	0	200	480	785	645	0	0	0	0
5C_305_ENm008_REV_18|hg18|chr16:74448-86128	0	129	1802	1834	2512	0	2368	1826	2346	2780	2780	2780	2780	0	2780	2780	2780	2780	2780	2780	2780	2750	1411	861	1455	25	0	0	795	2018	345	1437	0	0	0	0	0	0	0	0	0	0	0	458	2431	1153	61	0	77	0	0	0	0	0	0	0	0	0	0	0	0	0	0	0	0	0	0	0	0	0
5C_305_ENm008_FOR_19|hg18|chr16:86128-86217	0	0	2023	2368	2709	0	2780	566	2775	2780	2780	2780	2780	2780	0	2780	2780	2780	2780	2780	2780	2780	2642	1640	1663	0	0	0	1515	2780	2780	2780	0	0	0	0	0	0	0	0	0	0	111	2395	2780	1224	1444	6	2765	1251	0	0	0	0	0	0	0	0	0	0	0	0	0	0	0	0	0	0	0	0
5C_305_ENm008_FOR_20|hg18|chr16:86217-87749	0	0	135	2361	2618	0	2780	296	681	2780	2780	2780	2780	2780	2780	0	2780	2780	2780	2780	2780	2780	1440	561	87	0	0	0	481	2780	2613	2164	0	0	0	0	0	0	0	0	0	0	33	2311	2780	1217	1596	76	2779	1994	4	0	0	0	0	0	0	0	0	0	0	0	0	0	0	0	0	0	0	0
5C_305_ENm008_REV_21|hg18|chr16:87749-90248	31	583	755	2269	2720	0	2780	707	2252	2387	2755	2780	2777	2780	2780	2780	0	2780	2780	2780	2780	2780	2644	2370	2687	1295	31	289	2685	2780	2780	2712	142	0	0	116	492	3	0	0	0	0	1158	2547	2780	1198	135	0	2083	39	29	0	0	0	0	0	1	0	0	0	0	0	0	487	196	329	0	0	0	0
5C_305_ENm008_FOR_22|hg18|chr16:90248-91497	0	146	2774	2689	2753	0	2780	0	100	1723	2780	2780	2780	2780	2780	2780	2780	0	2780	2780	2780	2780	2780	2780	2656	10	0	0	2780	2780	2780	2780	0	0	0	509	2767	14	0	0	0	0	2778	2780	2780	2780	2777	2750	2780	2780	2315	6	0	0	0	0	0	0	0	0	0	0	0	0	0	0	0	0	0	0
5C_305_ENm008_FOR_23|hg18|chr16:91497-95256	0	1756	2780	2694	2760	0	2780	0	760	1599	2780	2780	2780	2780	2780	2780	2780	2780	0	2780	2780	2780	2780	2780	2780	9	0	154	2780	2780	2780	2780	2247	0	0	2760	2780	2684	0	0	0	0	2780	2780	2780	2780	2780	2763	2780	2780	2485	0	0	0	0	0	0	0	0	0	0	0	0	0	0	0	0	0	0	0
5C_305_ENm008_FOR_24|hg18|chr16:95256-100530	0	2735	2780	2776	2776	0	2780	0	1025	0	2780	2780	2780	2780	2780	2780	2780	2780	2780	0	2780	2780	2780	2780	2780	1671	1345	2579	2780	2780	2780	2780	2780	0	0	2780	2780	2780	406	0	0	1019	2780	2780	2780	2780	2780	1493	2780	2780	2627	0	0	0	0	0	191	0	0	0	0	0	0	0	0	0	0	0	0	0
5C_305_ENm008_FOR_25|hg18|chr16:100530-104687	0	510	2780	2356	2602	0	2780	168	305	121	2780	2780	2780	2780	2780	2780	2780	2780	2780	2780	0	2780	2780	2780	2780	285	384	578	2780	2780	2780	2780	2780	0	0	2780	2780	2780	3	0	0	1534	2780	2780	2780	2778	2722	2531	2780	2780	2490	812	0	0	0	0	919	0	0	0	0	0	0	0	0	0	0	0	0	0
5C_305_ENm008_REV_26|hg18|chr16:104687-109838	0	601	2770	2657	2777	0	2780	356	2486	20	2780	2734	2770	2750	2780	2780	2780	2780	2780	2780	2780	0	2780	2780	2780	2780	2343	708	2780	2780	2780	2780	2780	0	0	2737	2780	2780	101	0	0	0	2780	2780	2780	1304	0	0	2281	79	212	0	0	0	0	252	2575	1938	0	0	0	0	310	1093	1366	918	0	0	0	0
5C_305_ENm008_OUT_27|hg18|chr16:109838-120933	574	1547	1915	1595	1655	0	2497	3	797	15	2753	546	2380	1411	2642	1440	2644	2780	2780	2780	2780	2780	0	2780	2780	2514	1957	2258	2780	2780	2780	2780	2260	16	1455	2257	2277	2774	1709	0	32	327	2725	2780	2780	681	118	0	1197	282	831	390	0	0	0	814	2669	2258	0	0	0	0	671	973	992	900	0	0	0	4
5C_305_ENm008_REV_28|hg18|chr16:120933-131220	146	675	1742	760	895	0	2774	18	591	0	2724	306	2382	861	1640	561	2370	2780	2780	2780	2780	2780	2780	0	2780	2780	1947	740	2780	2780	2780	2780	2780	668	668	2608	2734	2780	877	0	0	25	2645	2780	2780	142	0	0	372	2	10	0	0	0	0	1785	2767	2710	0	0	0	988	1929	2036	2103	2112	0	0	0	1703
5C_305_ENm008_FOR_29|hg18|chr16:131220-134334	41	1042	2780	1874	2779	0	2780	1408	2758	0	2772	17	2712	1455	1663	87	2687	2656	2780	2780	2780	2780	2780	2780	0	2780	2780	2780	2780	2780	2780	2780	2780	0	0	2770	2772	2780	227	0	0	0	3	2710	2730	0	0	0	0	0	0	0	0	0	0	1	1944	2780	0	0	126	868	988	1080	1243	1571	0	0	0	2004
5C_305_ENm008_OUT_30|hg18|chr16:134334-147782	13	154	1578	467	829	0	2780	1244	2423	0	2702	0	2429	25	0	0	1295	10	9	1671	285	2780	2514	2780	2780	0	2780	1615	2780	109	977	2780	2423	0	0	0	0	634	0	0	0	0	0	0	0	0	0	0	0	0	0	0	0	0	0	0	530	1308	0	0	1238	1300	1041	613	1401	1782	0	0	0	2738
5C_305_ENm008_REV_31+32|hg18|chr16:147782-167103	2088	2125	2780	1708	1891	669	2285	711	1233	0	256	0	0	0	0	0	31	0	0	1345	384	2343	1957	1947	2780	2780	0	2780	2779	2518	1878	2699	2780	2640	1602	1879	1638	1649	2217	0	3	0	0	279	0	0	0	0	0	0	0	0	0	0	0	0	796	2635	900	825	900	615	0	0	0	0	0	0	0	15
5C_305_ENm008_REV_33|hg18|chr16:167103-171769	2425	2724	2780	2326	2320	399	2680	209	219	0	214	0	64	0	0	0	289	0	154	2579	578	708	2258	740	2780	1615	2780	0	2780	2780	2780	2780	2780	2626	2552	2780	2728	2772	2759	3	437	416	83	2104	7	0	0	0	0	0	0	0	0	0	0	0	428	2714	249	0	2	0	0	0	0	0	0	0	0	0
5C_305_ENm008_REV_34|hg18|chr16:171769-185994	1297	2050	2765	2114	2228	0	2780	0	393	0	2201	0	1521	795	1515	481	2685	2780	2780	2780	2780	2780	2780	2780	2780	2780	2779	2780	0	2780	2780	2780	2780	1160	2112	2780	2780	2780	2683	0	478	2203	2780	2780	2780	906	0	0	2764	0	40	0	0	0	0	1002	2780	2780	0	0	0	2	618	628	658	663	0	0	0	0
5C_305_ENm008_FOR_35|hg18|chr16:185994-189074	355	2693	2780	2757	2779	0	2780	0	0	0	154	50	362	2018	2780	2780	2780	2780	2780	2780	2780	2780	2780	2780	2780	109	2518	2780	2780	0	2780	2780	2780	0	2764	2780	2780	2780	2776	0	1305	2780	2780	2780	2780	2780	2780	2753	2780	2780	2687	0	0	0	0	42	1597	2780	0	0	0	0	0	0	0	0	0	0	0	0
5C_305_ENm008_OUT_36|hg18|chr16:189074-192185	0	2053	2736	2343	2649	0	2745	0	0	0	7	3	493	345	2780	2613	2780	2780	2780	2780	2780	2780	2780	2780	2780	977	1878	2780	2780	2780	0	2780	2780	0	2677	2780	2780	2780	2700	0	2678	2780	2780	2780	2780	2780	2780	861	2780	2780	2780	102	0	0	0	2409	2780	2780	0	0	0	0	10	30	1	0	0	0	0	0
5C_305_ENm008_REV_37|hg18|chr16:192185-203353	0	355	2780	1672	2541	0	2780	0	0	0	2762	1	2578	1437	2780	2164	2712	2780	2780	2780	2780	2780	2780	2780	2780	2780	2699	2780	2780	2780	2780	0	2780	0	0	2780	2780	2780	2780	0	0	2424	2780	2780	2780	2711	0	0	2780	8	27	0	0	0	0	2778	2780	2780	0	0	0	0	2135	2040	2279	2246	0	0	0	0
5C_305_ENm008_REV_38|hg18|chr16:203353-217802	2768	2777	2780	2762	2780	0	2743	0	0	0	0	0	0	0	0	0	142	0	2247	2780	2780	2780	2260	2780	2780	2423	2780	2780	2780	2780	2780	2780	0	2780	2780	2780	2780	2780	2780	0	2336	2679	1027	2780	2716	0	0	0	0	0	0	0	0	0	0	0	2534	2780	1	0	0	0	0	0	0	0	0	0	0	0
5C_305_ENm008_REV_39|hg18|chr16:217802-225341	2543	621	1	0	0	0	0	0	0	0	0	0	0	0	0	0	0	0	0	0	0	0	16	668	0	0	2640	2626	1160	0	0	0	2780	0	2780	2780	2780	1056	2779	587	1003	0	0	0	0	0	0	0	0	0	0	0	0	0	0	0	0	2780	2183	0	0	0	0	0	0	0	0	0	0	0
5C_305_ENm008_REV_40|hg18|chr16:225341-235762	1945	665	88	0	0	0	0	0	0	0	0	0	0	0	0	0	0	0	0	0	0	0	1455	668	0	0	1602	2552	2112	2764	2677	0	2780	2780	0	2780	2780	2780	2780	2780	2780	2780	675	2301	0	0	0	0	0	0	0	0	0	0	0	0	0	2780	0	0	0	0	0	0	0	0	0	0	0	0
5C_305_ENm008_OUT_41|hg18|chr16:235762-237363	1147	2618	2780	1729	198	0	1	0	0	0	0	0	0	0	0	0	116	509	2760	2780	2780	2737	2257	2608	2770	0	1879	2780	2780	2780	2780	2780	2780	2780	2780	0	2780	2780	2780	2720	2780	2780	2780	2780	2780	1871	753	0	2780	1112	0	0	0	0	0	150	2780	2780	0	0	0	0	0	0	0	0	0	0	0	0
5C_305_ENm008_FOR_42|hg18|chr16:237363-239095	637	2723	2780	2128	440	0	2	0	0	0	1	0	6	0	0	0	492	2767	2780	2780	2780	2780	2277	2734	2772	0	1638	2728	2780	2780	2780	2780	2780	2780	2780	2780	0	2780	2780	1550	2780	2780	2780	2780	2780	2780	2696	852	2780	2775	2045	0	0	0	0	0	2756	2780	0	0	0	0	0	0	0	0	0	0	0	0
5C_305_ENm008_REV_43|hg18|chr16:239095-247214	0	14	1056	0	0	0	0	0	0	0	0	0	0	0	0	0	3	14	2684	2780	2780	2780	2774	2780	2780	634	1649	2772	2780	2780	2780	2780	2780	1056	2780	2780	2780	0	2780	771	2780	2780	2780	2780	2780	1742	0	0	2780	468	1400	0	0	0	0	2780	2780	2780	0	0	0	0	835	0	0	0	0	0	0	0
5C_305_ENm008_OUT_44|hg18|chr16:247214-260279	1844	1497	2488	0	0	0	0	0	0	0	0	0	0	0	0	0	0	0	0	406	3	101	1709	877	227	0	2217	2759	2683	2776	2700	2780	2780	2779	2780	2780	2780	2780	0	2780	2780	2780	2734	2651	578	0	0	0	0	0	0	0	0	0	0	4	1847	2780	108	0	0	0	1	0	0	0	0	0	0	0
5C_305_ENm008_REV_45|hg18|chr16:260279-277942	0	0	0	0	0	0	0	0	0	0	0	0	0	0	0	0	0	0	0	0	0	0	0	0	0	0	0	3	0	0	0	0	0	587	2780	2720	1550	771	2780	0	2780	2780	0	0	0	0	0	0	0	0	0	0	0	0	0	53	73	633	63	0	0	0	0	0	0	0	0	0	0	0
5C_305_ENm008_OUT_46|hg18|chr16:277942-286059	0	0	0	0	0	0	0	0	0	0	0	0	0	0	0	0	0	0	0	0	0	0	32	0	0	0	3	437	478	1305	2678	0	2336	1003	2780	2780	2780	2780	2780	2780	0	2780	2780	2208	160	1562	115	0	318	0	0	0	0	0	0	1887	1921	2520	0	0	0	0	1	0	0	0	0	0	0	0
5C_305_ENm008_FOR_47|hg18|chr16:286059-289198	0	0	0	0	0	0	0	0	0	0	0	0	0	0	0	0	0	0	0	1019	1534	0	327	25	0	0	0	416	2203	2780	2780	2424	2679	0	2780	2780	2780	2780	2780	2780	2780	0	2780	2780	2780	1960	2689	2501	2780	2780	2780	0	0	0	0	2142	2494	2349	0	0	0	0	0	0	0	0	0	0	0	0
5C_305_ENm008_FOR_48|hg18|chr16:289198-303867	0	0	9	33	10	0	0	0	0	0	0	0	0	0	111	33	1158	2778	2780	2780	2780	2780	2725	2645	3	0	0	83	2780	2780	2780	2780	1027	0	675	2780	2780	2780	2734	0	2780	2780	0	2780	2780	2780	2780	2780	2780	2780	2780	2752	0	0	800	2303	2651	774	0	0	0	0	0	0	0	0	0	0	0	0
5C_305_ENm008_FOR_49|hg18|chr16:303867-310528	0	2078	2303	2041	2137	0	1380	0	0	0	11	21	11	458	2395	2311	2547	2780	2780	2780	2780	2780	2780	2780	2710	0	279	2104	2780	2780	2780	2780	2780	0	2301	2780	2780	2780	2651	0	2208	2780	2780	0	2780	2780	2780	2747	2780	2780	2780	477	0	0	263	477	478	469	0	0	0	0	276	357	223	38	0	0	0	0
5C_305_ENm008_FOR_50|hg18|chr16:310528-314538	0	0	1714	1908	991	0	6	0	0	0	94	559	583	2431	2780	2780	2780	2780	2780	2780	2780	2780	2780	2780	2730	0	0	7	2780	2780	2780	2780	2716	0	0	2780	2780	2780	578	0	160	2780	2780	2780	0	2780	2780	2780	2780	2780	2780	2770	0	0	0	237	2530	0	0	0	0	0	0	53	0	0	0	0	0	0
5C_305_ENm008_FOR_51|hg18|chr16:314538-327240	0	0	0	797	36	0	0	0	0	0	1	925	72	1153	1224	1217	1198	2780	2780	2780	2778	1304	681	142	0	0	0	0	906	2780	2780	2711	0	0	0	1871	2780	1742	0	0	1562	1960	2780	2780	2780	0	2780	2780	2780	2780	2780	2550	0	0	0	0	0	0	0	0	0	0	0	0	0	0	0	0	0	0
5C_305_ENm008_OUT_52|hg18|chr16:327240-331940	0	0	0	0	0	0	0	0	0	0	0	5	0	61	1444	1596	135	2777	2780	2780	2722	0	118	0	0	0	0	0	0	2780	2780	0	0	0	0	753	2696	0	0	0	115	2689	2780	2780	2780	2780	0	2780	2780	2780	2780	2750	0	0	0	0	0	0	0	0	0	0	0	0	0	0	0	0	0	0
5C_305_ENm008_FOR_53|hg18|chr16:331940-332109	0	0	0	0	0	0	0	0	0	0	0	1	0	0	6	76	0	2750	2763	1493	2531	0	0	0	0	0	0	0	0	2753	861	0	0	0	0	0	852	0	0	0	0	2501	2780	2747	2780	2780	2780	0	2780	2780	2780	2432	0	0	0	0	0	0	0	0	0	0	0	0	0	0	0	0	0	0
5C_305_ENm008_FOR_54|hg18|chr16:332109-334889	0	0	0	383	9	0	0	0	0	0	0	38	0	77	2765	2779	2083	2780	2780	2780	2780	2281	1197	372	0	0	0	0	2764	2780	2780	2780	0	0	0	2780	2780	2780	0	0	318	2780	2780	2780	2780	2780	2780	2780	0	2780	2780	2780	0	0	0	0	0	0	0	0	0	0	0	0	0	0	0	0	0	0
5C_305_ENm008_FOR_55|hg18|chr16:334889-335401	0	0	0	0	0	0	0	0	0	0	0	1	0	0	1251	1994	39	2780	2780	2780	2780	79	282	2	0	0	0	0	0	2780	2780	8	0	0	0	1112	2775	468	0	0	0	2780	2780	2780	2780	2780	2780	2780	2780	0	2780	2780	0	0	0	0	0	0	0	0	0	0	0	0	0	0	0	0	0	0
5C_305_ENm008_OUT_56|hg18|chr16:335401-346310	0	0	0	0	0	0	0	0	0	0	0	1	0	0	0	4	29	2315	2485	2627	2490	212	831	10	0	0	0	0	40	2687	2780	27	0	0	0	0	2045	1400	0	0	0	2780	2780	2780	2780	2780	2780	2780	2780	2780	0	2780	2780	2780	0	0	0	0	0	0	0	0	0	0	0	0	0	0	0	0
5C_305_ENm008_FOR_57|hg18|chr16:346310-352385	0	0	0	0	0	0	0	0	0	0	0	0	0	0	0	0	0	6	0	0	812	0	390	0	0	0	0	0	0	0	102	0	0	0	0	0	0	0	0	0	0	0	2752	477	2770	2550	2750	2432	2780	2780	2780	0	2780	2780	2780	1592	0	0	0	0	0	0	0	39	0	0	0	0	0	0
5C_305_ENm008_FOR_58|hg18|chr16:352385-353009	0	0	0	0	0	0	0	0	0	0	0	0	0	0	0	0	0	0	0	0	0	0	0	0	0	0	0	0	0	0	0	0	0	0	0	0	0	0	0	0	0	0	0	0	0	0	0	0	0	0	2780	2780	0	2780	2780	0	0	0	0	0	0	0	0	0	0	0	0	0	0	0
5C_305_ENm008_REV_59|hg18|chr16:353009-360924	0	0	0	0	0	0	0	0	0	0	0	0	0	0	0	0	0	0	0	0	0	0	0	0	0	0	0	0	0	0	0	0	0	0	0	0	0	0	0	0	0	0	0	0	0	0	0	0	0	0	2780	2780	2780	0	2780	2780	0	0	0	0	0	0	0	0	0	0	0	0	0	0
5C_305_ENm008_REV_60|hg18|chr16:360924-372570	0	0	0	0	0	0	0	0	0	0	0	0	0	0	0	0	0	0	0	0	0	0	0	0	0	0	0	0	0	0	0	0	0	0	0	0	0	0	0	0	0	0	800	263	0	0	0	0	0	0	0	2780	2780	2780	0	2780	2780	0	0	0	0	0	2216	1609	1	1	0	0	0	0
5C_305_ENm008_OUT_61|hg18|chr16:372570-372670	0	0	0	0	0	0	0	0	0	0	0	0	0	0	0	0	0	0	0	0	0	252	814	1785	1	0	0	0	1002	42	2409	2778	0	0	0	150	0	2780	4	53	1887	2142	2303	477	237	0	0	0	0	0	0	1592	0	2780	2780	0	2780	2780	0	0	0	2329	2269	2339	1983	1936	188	0	0	53
5C_305_ENm008_REV_62|hg18|chr16:372670-376971	0	0	0	0	0	0	0	0	0	0	0	0	0	0	0	0	1	0	0	191	919	2575	2669	2767	1944	530	796	428	2780	1597	2780	2780	2534	0	0	2780	2756	2780	1847	73	1921	2494	2651	478	2530	0	0	0	0	0	0	0	0	0	2780	2780	0	2780	0	0	2524	2780	2690	2780	2780	2451	11	0	0	685
5C_305_ENm008_REV_63|hg18|chr16:376971-380160	123	89	226	0	0	0	0	0	0	0	0	0	0	0	0	0	0	0	0	0	0	1938	2258	2710	2780	1308	2635	2714	2780	2780	2780	2780	2780	2780	2780	2780	2780	2780	2780	633	2520	2349	774	469	0	0	0	0	0	0	0	0	0	0	0	2780	2780	0	2780	2780	2780	2780	693	0	0	0	0	0	0	9
5C_305_ENm008_OUT_64|hg18|chr16:380160-402437	3	0	0	0	0	0	0	0	0	0	0	0	0	0	0	0	0	0	0	0	0	0	0	0	0	0	900	249	0	0	0	0	1	2183	0	0	0	0	108	63	0	0	0	0	0	0	0	0	0	0	0	0	0	0	0	0	0	2780	0	2780	2780	686	0	0	0	0	0	0	0	0
5C_305_ENm008_REV_65|hg18|chr16:402437-418222	0	0	0	0	0	0	0	0	0	0	0	0	0	0	0	0	0	0	0	0	0	0	0	0	0	0	825	0	0	0	0	0	0	0	0	0	0	0	0	0	0	0	0	0	0	0	0	0	0	0	0	0	0	0	0	0	0	2780	2780	0	2780	2780	0	0	0	0	0	0	0	0
5C_305_ENm008_FOR_66|hg18|chr16:418222-421291	0	0	0	0	0	0	0	0	0	0	0	0	0	0	0	0	0	0	0	0	0	0	0	0	126	1238	900	2	0	0	0	0	0	0	0	0	0	0	0	0	0	0	0	0	0	0	0	0	0	0	0	0	0	0	0	0	2524	2780	2780	2780	0	2780	2780	891	892	1725	0	0	2780	2780
5C_305_ENm008_FOR_67|hg18|chr16:421291-433293	0	0	0	0	0	0	0	0	0	0	0	0	0	0	0	0	0	0	0	0	0	0	0	988	868	1300	615	0	2	0	0	0	0	0	0	0	0	0	0	0	0	0	0	0	0	0	0	0	0	0	0	0	0	0	0	2329	2780	2780	686	2780	2780	0	2780	2780	2780	2369	0	1816	2720	2780
5C_305_ENm008_OUT_68|hg18|chr16:433293-433293	0	0	0	0	0	0	0	0	0	0	0	0	200	0	0	0	0	0	0	0	0	310	671	1929	988	1041	0	0	618	0	10	2135	0	0	0	0	0	835	1	0	1	0	0	276	0	0	0	0	0	0	0	0	0	0	2216	2269	2690	693	0	0	2780	2780	0	2780	2780	2780	1919	1234	1744	2558
5C_305_ENm008_FOR_69|hg18|chr16:441045-445126	0	0	0	0	0	0	0	0	0	0	0	0	480	0	0	0	487	0	0	0	0	1093	973	2036	1080	613	0	0	628	0	30	2040	0	0	0	0	0	0	0	0	0	0	0	357	53	0	0	0	0	0	0	39	0	0	1609	2339	2780	0	0	0	891	2780	2780	0	2780	2780	2780	807	937	2780
5C_305_ENm008_FOR_70|hg18|chr16:445126-447073	0	0	0	0	0	0	0	0	0	0	0	0	785	0	0	0	196	0	0	0	0	1366	992	2103	1243	1401	0	0	658	0	1	2279	0	0	0	0	0	0	0	0	0	0	0	223	0	0	0	0	0	0	0	0	0	0	1	1983	2780	0	0	0	892	2780	2780	2780	0	2780	2780	2197	1285	2780
5C_305_ENm008_FOR_71|hg18|chr16:447073-454365	0	0	0	0	0	0	0	0	0	0	0	0	645	0	0	0	329	0	0	0	0	918	900	2112	1571	1782	0	0	663	0	0	2246	0	0	0	0	0	0	0	0	0	0	0	38	0	0	0	0	0	0	0	0	0	0	1	1936	2451	0	0	0	1725	2369	2780	2780	2780	0	2780	2090	1976	2780
5C_305_ENm008_REV_72|hg18|chr16:454365-483412	0	0	0	0	0	0	0	0	0	0	0	0	0	0	0	0	0	0	0	0	0	0	0	0	0	0	0	0	0	0	0	0	0	0	0	0	0	0	0	0	0	0	0	0	0	0	0	0	0	0	0	0	0	0	0	188	11	0	0	0	0	0	1919	2780	2780	2780	0	2780	1504	2779
5C_305_ENm008_FOR_73|hg18|chr16:483412-483472	0	0	0	0	0	0	0	0	0	0	0	0	0	0	0	0	0	0	0	0	0	0	0	0	0	0	0	0	0	0	0	0	0	0	0	0	0	0	0	0	0	0	0	0	0	0	0	0	0	0	0	0	0	0	0	0	0	0	0	0	0	1816	1234	807	2197	2090	2780	0	2780	2780
5C_305_ENm008_REV_74|hg18|chr16:483472-496513	0	0	0	0	0	0	0	0	0	0	0	0	0	0	0	0	0	0	0	0	0	0	0	0	0	0	0	0	0	0	0	0	0	0	0	0	0	0	0	0	0	0	0	0	0	0	0	0	0	0	0	0	0	0	0	0	0	0	0	0	2780	2720	1744	937	1285	1976	1504	2780	0	2780
5C_305_ENm008_FOR_75|hg18|chr16:496513-499411	0	0	0	0	0	0	0	0	0	0	0	0	0	0	0	0	0	0	0	0	0	0	4	1703	2004	2738	15	0	0	0	0	0	0	0	0	0	0	0	0	0	0	0	0	0	0	0	0	0	0	0	0	0	0	0	0	53	685	9	0	0	2780	2780	2558	2780	2780	2780	2779	2780	2780	0
